"","surveys","variable","bvar_int_slp","wvar_int_slp","evar_int_slp","label"
"1","bhps","cohadv",0.529630910111362,0.0504868387687407,0.419882251119898,"Advantages In Living As Couple"
"2","bhps","cohdis",0.571938063441948,2.42423251957113e-05,0.428037694232856,"Disadvantages In Living As Couple"
"3","bhps","crwora",0.595966839881984,0.0354462552470772,0.368586904870939,"Worry About Being Affected By Crime"
"4","bhps","crworb",0.612042193640714,0.0658572629110236,0.322100543448263,"Extent Of Concern About Crime"
"5","bhps","dfwld",0.540162971135918,0.0175325396719356,0.442304489192146,"Different World In Future For Young"
"6","bhps","lfimpa",0.591285104066432,0.084846234682122,0.323868661251446,"Importance Of: Health"
"7","bhps","lfimpb",0.673337016940306,0.162237753024075,0.164425230035619,"Importance Of: Money"
"8","bhps","lfimpc",0.78793764558243,0.0855952237849149,0.126467130632655,"Importance Of: Having Children"
"9","bhps","lfimpd",0.60043223063089,0.148877956778947,0.250689812590164,"Importance Of: Having A Good Job"
"10","bhps","lfimpe",0.625530897072628,0.120085293444611,0.254383809482761,"Importance Of: Being Independent"
"11","bhps","lfimpf",0.704163866808095,0.165384299569886,0.130451833622019,"Importance Of: Owning Own Home"
"12","bhps","lfimpg",0.693851659856137,0.114608160176615,0.191540179967248,"Importance Of: Good Partnership"
"13","bhps","lfimph",0.662106591936521,0.16289354981251,0.174999858250969,"Importance Of: Good Friends"
"14","bhps","opchd1_1",0.481729434750099,0.00784728171270277,0.510423283537199,"Quality Best Prep. Child: Well Liked"
"15","bhps","opchd1_2",0.605331509114638,0.0135934404096288,0.381075050475733,"Quality Best Prep. Child: Think For Self"
"16","bhps","opchd1_3",0.527773625926699,0.0880160979897252,0.384210276083576,"Quality Best Prep. Child: Work Hard"
"17","bhps","opchd1_4",0.542528058407377,0.00233034195292248,0.455141599639701,"Quality Best Prep. Child: Help Others"
"18","bhps","opchd1_5",0.583193348059093,0.00451494642658323,0.412291705514324,"Quality Best Prep. Child: Obey Parents"
"19","bhps","opcls1",0.553517635607287,0.107158908528591,0.339323455864122,"Sees Self As Belonging To Social Class"
"20","bhps","opcls2",0.730434125740149,0.0831692361055162,0.186396638154335,"Subjective Social Class Membership"
"21","bhps","opcls3",0.522464386314213,0.0981022430935685,0.379433370592218,"Social Class Affects Opportunities"
"22","bhps","opeur1",0.703891112279,0.109167455553974,0.186941432167026,"Opinion: Uk Membership Of Eu"
"23","bhps","opeur2",0.707594007073248,0.101443613057451,0.190962379869301,"Uk Benefited From Being In Eu"
"24","bhps","opeur3",0.645436836149209,0.0328939393950394,0.321669224455752,"Uk Long Term Policy Re. Eu Should Be"
"25","bhps","opfama",0.629974319249438,0.0668192967056948,0.303206384044867,"Pre-School Child Suffers If Mother Works"
"26","bhps","opfamb",0.643634382780706,0.0673491359349425,0.289016481284351,"Family Suffers If Mother Works Full-Time"
"27","bhps","opfamc",0.460483720552828,0.0728392792153969,0.466677000231775,"Woman And Family Happier If She Works"
"28","bhps","opfamd",0.537440448456956,0.0721634023096462,0.390396149233398,"Husband And Wife Should Both Contribute"
"29","bhps","opfame",0.52719705519669,0.0700233699010057,0.402779574902304,"Full Time Job Makes Woman Independent"
"30","bhps","opfamf",0.678616484040978,0.0492085879113486,0.272174928047674,"Husband Should Earn, Wife Stay At Home"
"31","bhps","opfamg",0.515020569185892,0.0695445381117598,0.415434892702349,"Children Need Father As Much As Mother"
"32","bhps","opfamh",0.585721656824467,0.0742030085417503,0.340075334633783,"Employers Should Help With Childcare"
"33","bhps","opfami",0.657329287420931,0.0516783457089451,0.290992366870124,"Single Parents Are As Good As Couples"
"34","bhps","opfamj",0.754209511867016,0.129988216959468,0.115802271173516,"Cohabiting Is Always Wrong"
"35","bhps","opfamk",0.518252779416068,0.0608679778295038,0.420879242754428,"Adult Children Should Care For Parents"
"36","bhps","opfaml",0.560424818383478,0.0704369002626926,0.36913828135383,"Divorce Better Than Unhappy Marriage"
"37","bhps","opfamm",0.769339398644884,0.105482348970875,0.125178252384241,"The Man Should Be Head Of Household"
"38","bhps","opfamn",0.819991343541245,0.073570218412268,0.106438438046487,"Bible Gods Word And True"
"39","bhps","opfamo",0.755785807771307,0.0573513142405894,0.186862877988104,"Co-Habiting Is Alright"
"40","bhps","opfamp",0.641053088346182,0.0781688515256457,0.280778060128172,"Parents Ought Stay Together For Children"
"41","bhps","opfamq",0.606557731243961,0.0728415328719829,0.320600735884056,"Marital Status Is Irrelevant To Children"
"42","bhps","opfamr",0.763490538292872,0.043221639728052,0.193287821979076,"Homosexual Relationships Are Wrong"
"43","bhps","ophla",0.537108503513039,0.0942372521217301,0.368654244365231,"All Health Care Should Be Free"
"44","bhps","ophlb",0.58650616128654,0.0763247197074787,0.337169119005981,"Compulsory Private Insurance If Can Pay"
"45","bhps","ophlc",0.51621752262869,0.108436635382124,0.375345841989187,"Unfair That Wealth Buys Medical Priority"
"46","bhps","opiss1",0.675699431634537,0.0486329435937565,0.275667624771707,"Rising Prices Are A Cause For Concern"
"47","bhps","opiss2",0.706394141951365,0.0336768958014414,0.259928962247194,"Ozone Layer Is A Cause For Concern"
"48","bhps","opiss3",0.623597209178674,0.0657505225178202,0.310652268303506,"Unemployment Is A Cause For Concern"
"49","bhps","opiss4",0.705252873602799,0.00411915138492791,0.290627975012273,"Threat To Nature Is A Cause For Concern"
"50","bhps","opiss5",0.69504691397751,0.0625414117900047,0.242411674232486,"Moral Standards Are A Cause For Concern"
"51","bhps","opnata",0.560734959236947,0.125119837078554,0.314145203684499,"Britain Has Much To Learn"
"52","bhps","opnatb",0.634158497001047,0.106584335538169,0.259257167460784,"British Citizenship Best"
"53","bhps","opnatc",0.545675307397772,0.0951690524770772,0.359155640125151,"Some Shameful Things About Britain"
"54","bhps","opnatd",0.51564992771649,0.165550957935047,0.318799114348463,"People Too Ready To Criticise Britain"
"55","bhps","opnate",0.598062707071337,0.12282897747559,0.279108315453073,"Britain Should Stay Single State"
"56","bhps","opnatf",0.616945414615985,0.0812423844027681,0.301812200981247,"Co-Operation Better Than Independence"
"57","bhps","opngbha",0.650376625447814,0.129590077617183,0.220033296935004,"Belong To Neighbourhood"
"58","bhps","opngbhb",0.656959260052127,0.163342650035834,0.179698089912039,"Local Friends Mean A Lot"
"59","bhps","opngbhc",0.628396700322491,0.112380539003177,0.259222760674331,"Advice Obtainable Locally"
"60","bhps","opngbhd",0.62623873133695,0.164560465933401,0.209200802729649,"Can Borrow Things From Neighbours"
"61","bhps","opngbhe",0.594631029929232,0.150279150864664,0.255089819206104,"Willing To Improve Neighbourhood"
"62","bhps","opngbhf",0.592476972432811,0.0662956509835657,0.341227376583624,"Plan To Stay In Neighbourhood"
"63","bhps","opngbhg",0.656767016553889,0.144832514171953,0.198400469274158,"Am Similar To Others In Neighbourhood"
"64","bhps","opngbhh",0.648132631758237,0.153677288241837,0.198190079999926,"Talk Regularly To Neighbours"
"65","bhps","oppola",0.476725237462403,0.111911346813389,0.411363415724208,"Government Reflects People's Wishes"
"66","bhps","oppolb",0.46676236304027,0.0943117002004799,0.43892593675925,"People Can't Influence Govt. Policy"
"67","bhps","oppolc",0.601435430794291,0.0412258600585631,0.357338709147146,"Should Be Max. Limit On Income"
"68","bhps","oppold",0.470556543542924,0.103721456577497,0.425721999879579,"Govt. Puts Nation's Interests First"
"69","bhps","oprlg3",0.761898007318584,0.0649290692579477,0.173172923423468,"Religion Makes Difference To Life"
"70","bhps","opsoca",0.54133420079448,0.0799976554982869,0.378668143707234,"Ordinary People Share Nations Wealth"
"71","bhps","opsocb",0.582876002037154,0.073692039110788,0.343431958852058,"One Law For Rich And One For Poor"
"72","bhps","opsocc",0.579511729723869,0.0555895240497066,0.364898746226424,"Private Enterprise Solves Economic Probs"
"73","bhps","opsocd",0.529760891062638,0.0733566563322908,0.396882452605072,"Public Services Ought To Be State Owned"
"74","bhps","opsoce",0.641144741718203,0.0688910225077449,0.289964235774052,"Govt. Has Obligation To Provide Jobs"
"75","bhps","opsocf",0.65193598388147,0.0639148432763302,0.2841491728422,"Strong Trade Unions Protect Employees"
"76","bhps","trust",0.608253864795985,0.0792548612378591,0.312491273966156,"Trustworthiness Of Others"
"77","bhps","vote1",0.536014943387385,0.0624879457389739,0.401497110873641,"Supports A Particular Political Party"
"78","bhps","vote2",0.435442981356153,0.0688433846338998,0.495713634009947,"Closer To One Political Party Than Other"
"79","bhps","vote4_1",0.875470741673053,0.0428727515808554,0.0816565067460918,"Party Affinity: Conservative"
"80","bhps","vote4_2",0.847871297760235,0.0433909432809587,0.108737758958807,"Party Affinity: Labour"
"81","bhps","vote4_3",0.722493557616849,0.065582778293903,0.211923664089248,"Party Affinity: Liberal Democrat/Lib/Sdp"
"82","bhps","vote5",0.535180546505242,0.0578352151846907,0.406984238310067,"Strength Of Support For Stated Party"
"83","bhps","vote6",0.702995941107292,0.0438240802288058,0.253179978663902,"Level Of Interest In Politics"
"84","gss","abany",0.759787042304165,0.0224181705709384,0.217794787124896,"Abortion: Any Reason"
"85","gss","abdefect",0.748464512825825,0.0791034814030113,0.172432005771163,"Abortion: Birth Defect"
"86","gss","abhlth",0.721111022517508,0.122147164685658,0.156741812796833,"Abortion: Mother's Health"
"87","gss","abnomore",0.761306804092392,0.0801981411395638,0.158495054768044,"Abortion: Birth Control"
"88","gss","abpoor",0.767809343126973,0.079251421351621,0.152939235521406,"Abortion: Too Poor"
"89","gss","abrape",0.766682452165685,0.106381641796479,0.126935906037836,"Abortion: Rape"
"90","gss","abscale6",0.836346342933575,0.0690767202452063,0.0945769368212183,"Abortion Scale (6 Items)"
"91","gss","abscale7",0.839550486357376,0.0636156139573199,0.096833899685304,"Abortion Scale (7 Items)"
"92","gss","absingle",0.770641826980298,0.0377821910033822,0.19157598201632,"Abortion: Unmarried"
"93","gss","affrmact",0.682443145357886,0.0943062335604098,0.223250621081704,"Hiring Preferences"
"94","gss","aged",0.598004540484347,0.00338698288537442,0.398608476630279,"Seniors Should Live With Family"
"95","gss","athscale",0.736499101559227,0.0013155944774228,0.262185303963351,"Athiest: Scale"
"96","gss","attend",0.851091488471911,0.0769775454829504,0.0719309660451389,"Attend Religious Services"
"97","gss","bible",0.797514617083277,0.087260220353542,0.115225162563181,"View Of Bible"
"98","gss","cappun",0.761917846338081,0.105613418002916,0.132468735659003,"Death Penalty"
"99","gss","chldidel",0.710589652393579,0.120775319767135,0.168635027839286,"Ideal # Of Children"
"100","gss","class",0.727187816977891,0.0725221504168417,0.200290032605267,"Social Class"
"101","gss","closeblk",0.711094172006002,0.0868096572443367,0.202096170749662,"Feel Close To Blacks"
"102","gss","closewht",0.614943439808778,0.0255586965964704,0.359497863594751,"Feel Close To Whites"
"103","gss","colath",0.641611681427195,0.000777262179607274,0.357611056393198,"Athiest: Teach At College"
"104","gss","colcom",0.625131151925292,0.0600400342010045,0.314828813873703,"Red: Teach At College"
"105","gss","colhomo",0.673297304771928,0.00235092176571361,0.324351773462358,"Gay: Teach At College"
"106","gss","colmil",0.61410096513568,0.0160702079094199,0.3698288269549,"Militarist: Teach At College"
"107","gss","colmslm",0.703322719685873,0.00144525550124197,0.295232024812885,"Islamist: Teach At College"
"108","gss","colrac",0.598556795665769,0.00265684411595124,0.39878636021828,"Racist: Teach At College"
"109","gss","comscale",0.756191120249071,0.0198872144763413,0.223921665274587,"Red: Scale"
"110","gss","conarmy",0.628054933354941,0.0832673479268178,0.288677718718241,"Military"
"111","gss","conbus",0.598797387826693,0.0743033532802542,0.326899258893053,"Major Companies"
"112","gss","conclerg",0.656644423220023,0.0338272303450423,0.309528346434935,"Organized Religion"
"113","gss","coneduc",0.60262802754913,0.0146271915365905,0.38274478091428,"Education"
"114","gss","confed",0.555559856173464,0.173971276347898,0.270468867478638,"Executive Branch"
"115","gss","confinan",0.558514031241996,0.0604521217860535,0.381033846971951,"Banks & Finance"
"116","gss","conjudge",0.625028216190494,0.0626603973334658,0.31231138647604,"Supreme Court"
"117","gss","conlabor",0.620756024380885,0.100726337329983,0.278517638289132,"Organized Labor"
"118","gss","conlegis",0.611671420985972,0.0136076278921067,0.374720951121922,"Congress"
"119","gss","conmedia",0.656194358941424,0.130366179922053,0.213439461136523,"Tv & Press"
"120","gss","conmedic",0.593819383234602,0.0883823424340654,0.317798274331333,"Medicine"
"121","gss","conpress",0.618934875207279,0.121246875342282,0.259818249450439,"Press"
"122","gss","consci",0.613252068855901,0.0247282131737351,0.362019717970364,"Scientific Community"
"123","gss","contv",0.594694456748161,0.133695438838663,0.271610104413176,"Television"
"124","gss","courts",0.645530519939438,0.038684338289478,0.315785141771084,"Courts Deal With Criminals"
"125","gss","discaff",0.563985117969194,0.000957595511864029,0.435057286518942,"Affirm. Action Hurt Whites"
"126","gss","discaffm",0.545279621982065,0.0561568923533526,0.398563485664582,"Affirm. Action Hurt Men"
"127","gss","discaffw",0.562395120464033,0.020389060346131,0.417215819189836,"Affirm. Action Hurt Women"
"128","gss","divlaw",0.705551977423332,0.00143997005809104,0.293008052518577,"Divorce Laws Too Lenient"
"129","gss","eqwlth",0.680138849808579,0.0360210043851333,0.283840145806287,"Government Reduce Inequality"
"130","gss","fair",0.677263762954176,0.0267884531218917,0.295947783923933,"People Try To Be Fair"
"131","gss","fear",0.66424382873902,0.0400992026278221,0.295656968633158,"Afraid To Walk At Night"
"132","gss","fechld",0.64878744841424,0.0963077949887339,0.254904756597027,"Working Moms Warm"
"133","gss","fefam",0.689648387417544,0.0136521866275768,0.296699425954879,"Better For Man To Work"
"134","gss","fehire",0.623251531913962,0.000503453478484683,0.376245014607554,"Hire & Promote Women"
"135","gss","fejobaff",0.687445518564634,0.128590791007405,0.183963690427962,"Preferences For Hiring Women"
"136","gss","fepol",0.64145516427235,0.00168545593082081,0.35685937979683,"Men Better For Politics"
"137","gss","fepresch",0.656368526138194,0.0144019924524064,0.3292294814094,"Pre-Ks Suffer If Mom Works"
"138","gss","finalter",0.5424083613864,0.13827499095599,0.319316647657611,"Finances Better Or Worse"
"139","gss","finrela",0.697076786549673,0.0792144039336111,0.223708809516715,"Relative Income"
"140","gss","fund",0.841385324799098,0.0733293431632409,0.0852853320376615,"Fundamentalist"
"141","gss","genderscale",0.756893144056493,0.0248114715929716,0.218295384350535,"Scale Of Gender Role Attitudes"
"142","gss","getahead",0.558272815585755,0.130290562448935,0.31143662196531,"Work To Get Ahead"
"143","gss","god",0.821130899328805,0.0425930965779336,0.136276004093261,"Belief About God"
"144","gss","goodlife",0.59672679293866,0.0315566010831277,0.371716605978212,"Finances Will Improve"
"145","gss","grass",0.775985692511328,0.0271838702737355,0.196830437214936,"Legalize Marijuana"
"146","gss","gunlaw",0.632916256560356,0.00160842046703569,0.365475322972608,"Require Gun Permits"
"147","gss","hapmar",0.69829762762366,0.0573575611807451,0.244344811195595,"Happiness: Marriage"
"148","gss","happy",0.620484159940957,0.146657183516837,0.232858656542206,"Happiness: General"
"149","gss","health",0.749713493153301,0.0816299823467503,0.168656524499949,"Health: Self-Rated"
"150","gss","helpblk",0.702731927709272,0.0286917934361908,0.268576278854538,"Government Help Blacks"
"151","gss","helpful",0.647985950893037,0.00795494168988042,0.344059107417082,"People Try To Be Helpful"
"152","gss","helpnot",0.623353687455562,0.00276877543915777,0.37387753710528,"Government Do More Or Less"
"153","gss","helpoth",0.591571299688372,0.0677186972644552,0.340710003047173,"Child Should Help Others"
"154","gss","helppoor",0.649351645508585,0.00539117580530923,0.345257178686106,"Government Help Poor"
"155","gss","helpsick",0.660753950911943,0.0141343066040202,0.325111742484037,"Government Pay Medical"
"156","gss","homoscale",0.740033637375511,0.00125683515842556,0.258709527466064,"Gay: Scale"
"157","gss","homosex",0.830838708138766,0.0361249006924592,0.133036391168775,"Morality: Same-Sex Sex"
"158","gss","intlblks",0.483245056402392,0.14354115005038,0.373213793547228,"Blacks Intelligent Or Not"
"159","gss","intlwhts",0.489413465108536,0.00727132413769743,0.503315210753767,"Whites Intelligent Or Not"
"160","gss","jobfind",0.64624233361311,0.120834788628995,0.232922877757896,"Find A Good Job"
"161","gss","joblose",0.561514285739537,0.00300046224122241,0.43548525201924,"Likely To Lose Job"
"162","gss","kidssol",0.685534051335852,0.0321784193290456,0.282287529335102,"Mobility Next Generation"
"163","gss","letdie1",0.719608240205728,0.115075278721866,0.165316481072405,"Let Die: Incurable"
"164","gss","letin1a",0.695166532069333,0.0148662814172921,0.289967186513375,"How Many Immigrants?"
"165","gss","libath",0.611915885567138,0.00116305625122481,0.386921058181637,"Athiest: Library Book"
"166","gss","libcom",0.650712330574682,0.0353233967457575,0.31396427267956,"Red: Library Book"
"167","gss","libhomo",0.648864647762382,0.000613841200169718,0.350521511037449,"Gay: Library Book"
"168","gss","libmil",0.60439473432829,0.0141089096577133,0.381496356013997,"Militarist: Library Book"
"169","gss","libmslm",0.677266922196865,0.00247628296906877,0.320256794834066,"Islamist: Library Book"
"170","gss","librac",0.594589087247072,0.00108811340272696,0.404322799350202,"Racist: Library Book"
"171","gss","life",0.669339878665995,0.0304326394423,0.300227481891705,"Life: Exciting Or Dull"
"172","gss","liveblks",0.584372272788174,0.143878872288611,0.271748854923215,"Neighborhood Half Black"
"173","gss","livewhts",0.487952314585267,0.0734534617735902,0.438594223641142,"Neighborhood Half White"
"174","gss","marblk",0.690669344519117,0.0433644864497855,0.265966169031098,"Relative Marry Black"
"175","gss","marhomo",0.820047831598908,0.0397910556196027,0.140161112781489,"Gay Marriage"
"176","gss","marwht",0.549368078226366,0.00118032566252002,0.449451596111114,"Relative Marry White"
"177","gss","meovrwrk",0.582921978030385,0.0159749954174878,0.401103026552128,"Men Hurt Family When Overwork"
"178","gss","milscale",0.692579498285412,0.0216784985993663,0.285742003115221,"Militarist: Scale"
"179","gss","misanthropy",0.771463752342689,0.0616175460954916,0.166918701561819,"Misanthropy Scale"
"180","gss","mslmscale",0.769015178950737,0.00280279265840067,0.228182028390863,"Islamist: Scale"
"181","gss","nataid",0.651285823606101,0.0485037756115702,0.300210400782329,"Foreign Aid"
"182","gss","natarms",0.66669638007858,0.0580921693325904,0.275211450588829,"Defense"
"183","gss","natchld",0.626740884669008,0.0357828264993644,0.337476288831628,"Child Care"
"184","gss","natcity",0.628137399077592,0.0305602451627399,0.341302355759668,"Problems Of Cities"
"185","gss","natcrime",0.62078027040758,0.0844085163732722,0.294811213219148,"Fighting Crime"
"186","gss","natdrug",0.598097289644338,0.0778740238164911,0.324028686539171,"Dealing With Drugs"
"187","gss","nateduc",0.66283478030724,0.129216556313529,0.207948663379231,"Education"
"188","gss","natenvir",0.669200260655759,0.00820096832169093,0.32259877102255,"Protect Environment"
"189","gss","natfare",0.746402009156852,0.0641328524920921,0.189465138351056,"Welfare"
"190","gss","natheal",0.574994522672872,0.0134229934856119,0.411582483841516,"Improving Health"
"191","gss","natmass",0.620269905532394,0.0309642816878537,0.348765812779752,"Mass Transit"
"192","gss","natpark",0.584812148692111,0.139606200472992,0.275581650834897,"Parks & Recreation"
"193","gss","natrace",0.716884369506117,0.108062416537942,0.17505321395594,"Improve Life For Blacks"
"194","gss","natroad",0.60873924808177,0.00587707792472003,0.38538367399351,"Highways & Bridges"
"195","gss","natsci",0.599076440684075,0.0832230238448353,0.31770053547109,"Scientific Research"
"196","gss","natsoc",0.633575200397269,0.00336970094845379,0.363055098654277,"Social Security"
"197","gss","natspac",0.700671396568156,0.0742693837347044,0.22505921969714,"Space Exploration"
"198","gss","neverrelact",0.646788691439245,0.0880457210935901,0.265165587467165,"Never Active In Religion"
"199","gss","news",0.771026101797777,0.0643920958082805,0.164581802393943,"Read Newspaper"
"200","gss","obey",0.715836338322843,0.0664712852908735,0.217692376386284,"Child Should Obey"
"201","gss","owngun",0.862584550127161,0.0766995070670361,0.0607159428058029,"Gun Owner"
"202","gss","parsol",0.705221044231863,0.0103580966974507,0.284420859070687,"Mobility"
"203","gss","partyid",0.882359473705433,0.0634432182725818,0.0541973080219847,"Political Party"
"204","gss","pillok",0.697077788425548,0.0744904976502435,0.228431713924208,"Birth Control 14-16 Year Olds"
"205","gss","polabuse",0.496121945739089,0.000962634605795431,0.502915419655116,"Police Hit Person Cursing"
"206","gss","polattak",0.536371003893855,0.000406373564831863,0.463222622541314,"Police Hit Person Punching"
"207","gss","polescap",0.594846066608822,0.109931063965346,0.295222869425832,"Police Hit Person Fleeing"
"208","gss","polhitok",0.705196243185323,0.0016652672188936,0.293138489595784,"Police Can Hit Citizens"
"209","gss","polmurdr",0.531478807930855,0.000784616393008641,0.467736575676136,"Police Hit Murder Suspect"
"210","gss","polviews",0.748969919406739,0.0686140584293355,0.182416022163926,"Political Views"
"211","gss","polviolent",0.617193117516441,0.00512570780328314,0.377681174680276,"Police Hit: Scale"
"212","gss","popespks",0.695118179297199,0.119624108147796,0.185257712555005,"Pope Infallible"
"213","gss","popular",0.551599707251575,0.166159181723427,0.282241111024998,"Child Should Be Popular"
"214","gss","pornlaw",0.6577092086015,0.0244872417387833,0.317803549659717,"Restrict Pornography"
"215","gss","postlife",0.780924947635525,0.0725609995735504,0.146514052790924,"Life After Death"
"216","gss","pray",0.857808500774142,0.072745154492284,0.0694463447335739,"Pray"
"217","gss","prayer",0.6809252700525,0.103456474469387,0.215618255478114,"Bible Prayer In Schools"
"218","gss","premarsx",0.789686560149172,0.0607513874268467,0.149562052423982,"Morality: Premarital Sex"
"219","gss","racdif1",0.651985986034052,0.0681575783715039,0.279856435594445,"Racial Diff.: Discrimination"
"220","gss","racdif2",0.56771269967548,0.000686232361116201,0.431601067963404,"Racial Diff.: Inborn"
"221","gss","racdif3",0.641155031314351,0.054455622517322,0.304389346168327,"Racial Diff.: Lack Education"
"222","gss","racdif4",0.641688533343333,0.0426016605386695,0.315709806117998,"Racial Diff.: Lack Will"
"223","gss","racopen",0.605389358740404,0.0913372921223108,0.303273349137285,"Open Housing Law"
"224","gss","racscale",0.686010174265078,0.00602411626418209,0.30796570947074,"Racist: Scale"
"225","gss","reborn",0.809161906597267,0.0567422792392105,0.134095814163523,"Born Again"
"226","gss","relactiv",0.762657990446288,0.110153026160841,0.127188983392871,"Do Religious Activities"
"227","gss","relexp",0.761895986905013,0.12000524184241,0.118098771252577,"Had Religious Experience"
"228","gss","relexper",0.735880845249331,0.0234023629515497,0.24071679179912,"Religious Turning Point"
"229","gss","reliten",0.798020553541994,0.089372703430872,0.112606743027134,"Strength Of Affiliation"
"230","gss","relpersn",0.812101850873312,0.0481767408598874,0.139721408266801,"Religious Person"
"231","gss","richwork",0.659166205316208,0.0778411021315216,0.262992692552271,"Would Work If Rich"
"232","gss","satfin",0.68346701262849,0.137748087116972,0.178784900254538,"Satisfied With Finances"
"233","gss","satjob",0.602115582777138,0.152436454501817,0.245447962721045,"Satisfied With Work"
"234","gss","selfhunt",0.804097934469547,0.0151036387717288,0.180798426758724,"Hunter: Self"
"235","gss","sexeduc",0.687001158368036,0.000153093444114183,0.31284574818785,"Sex-Ed. In Public Schools"
"236","gss","socbar",0.79822630924939,0.102087917571658,0.0996857731789528,"Meet Friends At Bar"
"237","gss","socfrend",0.651645763762243,0.063478302987527,0.284875933250231,"Meet Friends"
"238","gss","socialscale",0.742791622913718,0.0744102030784968,0.182798174007786,"Social Life Scale"
"239","gss","socommun",0.637447349965039,0.117549805922565,0.245002844112395,"Meet Neighbors"
"240","gss","socrel",0.669021234177562,0.0996748972007547,0.231303868621683,"Meet Relatives"
"241","gss","spanking",0.732251876637323,0.0564983998560781,0.211249723506599,"Spank Children"
"242","gss","spkath",0.655589588783453,0.0198647364638486,0.324545674752699,"Athiest: Make Speech"
"243","gss","spkcom",0.71225545496633,0.0100504416291792,0.277694103404491,"Red: Make Speech"
"244","gss","spkhomo",0.654780898769207,0.0487525516208416,0.296466549609951,"Gay: Make Speech"
"245","gss","spkmil",0.634645475947161,0.00185859532420041,0.363495928728638,"Militarist: Make Speech"
"246","gss","spkmslm",0.725061992926997,0.0131293876022135,0.261808619470789,"Islamist: Make Speech"
"247","gss","spkrac",0.633879947946913,0.039645740141351,0.326474311911736,"Racist: Make Speech"
"248","gss","sprtprsn",0.779451406291322,0.090056876375555,0.130491717333123,"Spiritual Person"
"249","gss","suicide1",0.727220121989234,0.00472697543596545,0.268052902574801,"Suicide: Incurable"
"250","gss","suicide2",0.652009705346617,0.0598922050001809,0.288098089653202,"Suicide: Bankruptcy"
"251","gss","suicide3",0.661315810560481,0.0231916882105749,0.315492501228944,"Suicide: Dishonor"
"252","gss","suicide4",0.678989824084583,0.0571486390773446,0.263861536838072,"Suicide: Tired Of Living"
"253","gss","suicidescale",0.748018210826874,0.0253471494151641,0.226634639757962,"Suicide Scale"
"254","gss","teensex",0.660776166876196,0.0802043705472412,0.259019462576563,"Morality: Sex 14-16 Year Olds"
"255","gss","thnkself",0.651283428350334,0.0748260329823347,0.273890538667331,"Child Should Think For Self"
"256","gss","trust",0.717241448885693,0.00355734709816946,0.279201204016138,"People Can Be Trusted"
"257","gss","tvhours",0.74528883773895,0.127619404150448,0.127091758110601,"Watch Television"
"258","gss","uswary",0.671538324254062,0.0280613114828463,0.300400364263092,"Us At War Next 10 Years"
"259","gss","wlthblks",0.521366836715742,0.00888361677698346,0.469749546507275,"Blacks Rich Or Poor"
"260","gss","wlthwhts",0.533805296372168,0.16197236036715,0.304222343260682,"Whites Rich Or Poor"
"261","gss","workblks",0.560180840195974,0.00172672539903618,0.43809243440499,"Blacks Work Hard"
"262","gss","workhard",0.574966318779428,0.0049915642321936,0.420042116988378,"Child Should Work Hard"
"263","gss","workwhts",0.54509061009814,0.164012985263061,0.290896404638799,"Whites Work Hard"
"264","gss","wrkwayup",0.69318809270176,0.0927947645368415,0.214017142761399,"No Racial Favors"
"265","gss","xmarsex",0.63665233763638,0.142557298895303,0.220790363468317,"Morality: Extramarital Affair"
"266","gss","xmovie",0.711095995671759,0.0570901710005139,0.231813833327727,"Watch X-Rated Movie"
"267","hilda","atwkadc",0.584952081240595,0.0854863660078738,0.329561552751531,"Fine For Child Under 3 To Be In All-Day Care"
"268","hilda","atwkbmw",0.694200753594645,0.0544016734426049,0.25139757296275,"Better If Man Earns Money, Woman Cares For Children"
"269","hilda","atwkcdw",0.582913211622467,0.0891495191699429,0.32793726920759,"As Well For Child If Mother Earns Money, Father Cares For Children"
"270","hilda","atwkcs",0.588061946466643,0.0812384305058355,0.330699623027521,"Children Suffer Bc Father Works Too Much"
"271","hilda","atwkdcm",0.64247114326229,0.104179345822742,0.253349510914968,"Better For Child To Stay With Mother In Case Of Divorce"
"272","hilda","atwkfhi",0.553703509929357,0.114262058198411,0.332034431872232,"Father Should Be As Involved As Mother"
"273","hilda","atwkmmf",0.608361874490522,0.0530945555366585,0.338543569972819,"Bad For Relationship If Woman Earns More"
"274","hilda","atwkmpl",0.658887470210599,0.0121355814662584,0.328976948323143,"Men Make Better Political Leaders"
"275","hilda","atwkmrl",0.585775955484561,0.0757136437549186,0.33851040076052,"Most Important Role For Men To Be Father"
"276","hilda","atwkmsw",0.62114812928625,0.0534383880360031,0.325413482677747,"Mothers Who Don't Need Money Shouldn't Work"
"277","hilda","atwkpsc",0.625813606212346,0.0573498275088529,0.316836566278801,"Pre-School Child Suffers If Mother Works Ft"
"278","hilda","atwkseh",0.52701264060505,0.103224174249068,0.369763185145883,"If Both Partners Work They Should Share Domestic Tasks"
"279","hilda","atwkwfr",0.517361996318928,0.0711556667178565,0.411482336963216,"Working Father Can Have As Good Relationship To Child"
"280","hilda","atwkwfs",0.520542421032296,0.0889011193982726,0.390556459569432,"Working Fathers Care More About Success Than Needs Of Children"
"281","hilda","atwkwmr",0.575251856876175,0.0687752953903361,0.355972847733489,"Working Mother Can Have As Good Relationship To Child"
"282","hilda","atwkwms",0.559227218200963,0.0974707462464038,0.343302035552633,"Working Mothers Care More About Success Than Needs Of Children"
"283","hilda","atwkwrl",0.60492515532299,0.0675205491101908,0.327554295566819,"Most Important Role For Women To Be Mother"
"284","hilda","lskeep",0.54893091103829,0.0383220228381421,0.412747066123568,"Most People You Meet Keep Their Word"
"285","hilda","lssop",0.57504134499189,0.0844793995711041,0.340479255437006,"Most People You Meet Succeed By Stepping On Others"
"286","hilda","mcchmf",0.664374732297816,0.0871481134534306,0.248477154248754,"Children Happier With Both Father And Mother"
"287","hilda","mcdef",0.802661856680471,0.0498001435129906,0.147537999806539,"Cohabitation Alright Even Without Marriage Intention"
"288","hilda","mcdiv",0.620510005489707,0.0544951311828559,0.324994863327437,"Divorce Alright Even With Children"
"289","hilda","mchscr",0.760855289591303,0.0746186643730374,0.164526046035659,"Same Rights For Homosexual Couples"
"290","hilda","mcindpc",0.625361737507408,0.110059999947168,0.264578262545423,"Child Should Start Living Independently By 18-20"
"291","hilda","mcmhc",0.658555954304792,0.141853280504085,0.199590765191123,"A Man Has To Have Children In Order To Be Fulfilled"
"292","hilda","mcmoi",0.637708516892619,0.091374343730674,0.270917139376707,"Marriage Is Outdated"
"293","hilda","mcnodiv",0.703090259881005,0.0650826504189804,0.231827089700015,"Marriage Should Never Be Ended"
"294","hilda","mcsingp",0.693146816318391,0.0483134002318271,0.258539783449782,"Alright For Woman To Have Children As Single Parent"
"295","hilda","mcwhc",0.66921267855546,0.123614005664978,0.207173315779562,"A Woman Has To Have Children In Order To Be Fulfilled"
"296","hilda","relimp",0.87462504271682,0.0456939423192119,0.079681014963968,"Importance Of Religion"
"297","psid","cds_bothparentscare",0.545366134963088,0.0369721630042233,0.417661702032689,"Dad Should Be As Involved As Mom"
"298","psid","cds_daddevelopment",0.533440671929198,0.0489684113685597,0.417590916702242,"Dad Large Role In Child Development"
"299","psid","cds_dadoldkidbetter",0.593613632303403,0.106369711016186,0.300016656680411,"Dad Able To Enjoy Older Children More"
"300","psid","cds_dadtooinvolved",0.554944650472677,0.133832716638923,0.3112226328884,"Dad Too Involved If Keeps From Better Job"
"301","psid","cds_daycareok",0.629182078492059,0.121832296059897,0.248985625448044,"Ok To Have Child Under 3 In All-Day Care"
"302","psid","cds_fatherhoodfulfill",0.573253392487396,0.00157447355036244,0.425172133962242,"Dadhood Most Fulfilling Experience"
"303","psid","cds_fatherinteractchild",0.561104537795526,0.00343573128929953,0.435459730915174,"Dads Should Interact With Child"
"304","psid","cds_firstyears",0.594087418240895,0.00377296302294206,0.402139618736163,"First 4 Years Most Import. In Child's Develop."
"305","psid","cds_girlboyequal",0.588713343979377,0.0299531708896392,0.381333485130984,"Encourage As Much Independence In Daughters And Sons"
"306","psid","cds_husbandcareerimport",0.612194066370298,0.0923066258574703,0.295499307772232,"Better Wife Helps Husband Career"
"307","psid","cds_mostimportantchild_1",0.550440751616608,0.0620470782335443,0.387512170149848,"Importance For Child: Obey"
"308","psid","cds_mostimportantchild_3",0.571242933717926,0.000715662946308315,0.428041403335765,"Importance For Child: Think For Herself"
"309","psid","cds_motherfatherequal",0.55972956825404,0.132992705598768,0.307277726147192,"Dad And Mom Equally Good Meeting Kid's Needs"
"310","psid","cds_motherhoodfulfill",0.587255448275276,0.000342511821674218,0.41240203990305,"Momhood Most Fulfilling Experience"
"311","psid","cds_mothernotft",0.668576239516531,0.0954731336159149,0.235950626867554,"Mom With Child Under 5 Shouldn't Work Full-Time"
"312","psid","cds_preschoolsuffer",0.650216019150939,0.0930582365518888,0.256725744297173,"Preschool Child Suffers If Mom Employed"
"313","psid","cds_sharehousehold",0.478537110925779,0.000991341696147508,0.520471547378074,"Husband And Wife In Both Ft Should Share Household"
"314","psid","cds_traditionalbest",0.657973667499196,0.0726554349891995,0.269370897511604,"Better If Man Earns Living"
"315","psid","cds_workingmotherssame",0.547924095920326,0.0295020082081385,0.422573895871535,"Working Mom As Warm As Nonworking Mom"
"316","psid","gettingbetter",0.503579505566332,0.112123397925521,0.384297096508147,"Life Getting Better"
"317","psid","lifesatis",0.533082927261117,0.11271953767796,0.354197535060924,"Life Satisfaction"
"318","psid","likejobormoney",0.462703593176025,0.0949540284774798,0.442342378346496,"Satisfaction About Income Important In Job"
"319","psid","opinionimport",0.561679410981699,0.116052763472796,0.322267825545505,"How Much Does It Matter What Other People Think About You?"
"320","psid","satisfiedself",0.504894454220431,0.138553443279943,0.356552102499625,"Are You More Often Satisfied Or Dissatisfied With Yourself?"
"321","psid","savingspending",0.493344937486399,0.124710466230577,0.381944596283024,"Spend Or Save Money"
"322","psid","tas_belongcommunity",0.55539530967114,0.0883238879501461,0.356280802378714,"Freq. Of Feeling Belonging To Communty"
"323","psid","tas_contributesociety",0.530111115183646,0.0892813012831864,0.380607583533168,"Freq. Of Feeling Contrib To Society"
"324","psid","tas_divorcehurts",0.491839755009653,0.0541598862514909,0.454000358738856,"Divorce Hurts Kids"
"325","psid","tas_divorcesuccess",0.468080498448698,0.0794841804249895,0.452435321126312,"Child From Divorced Family Can Be Successful"
"326","psid","tas_fathertimeoff",0.518032506119463,0.12587532358427,0.356092170296267,"Dads Should Take Time With Young Child"
"327","psid","tas_importrel",0.734539589684751,0.0794236976963946,0.186036712618855,"Importance Of Religion"
"328","psid","tas_importspirit",0.667808786291785,0.0970682092470764,0.235123004461138,"Importance Of Spirituality"
"329","psid","tas_lifesatisfact",0.609907862975308,0.140636427313001,0.24945570971169,"How Satisfied With Life As A Whole"
"330","psid","tas_mothersnodemanding",0.54887545945289,0.110591312150711,0.340533228396399,"Moms Should Have Demandng Job"
"331","psid","tas_peoplearegood",0.542892852916976,0.0964955328770402,0.360611614205983,"Freq. Of Feeling People Basically Good"
"332","psid","tas_religpref0509_2",0.758256048984005,0.034839935109599,0.206904015906397,"Religion: Protestant [2005-09]"
"333","psid","tas_religpref0509_3",0.885832967680289,0.0620010534494165,0.0521659788702941,"Religion: Catholic [2005-09]"
"334","psid","tas_religpref1115_2",0.831089261582816,0.101670255749546,0.0672404826676377,"Religion: Protestant [2011-15]"
"335","psid","tas_religpref1115_3",0.867066944397339,0.024205042793962,0.108728012808699,"Religion: Catholic [2011-15]"
"336","psid","tas_singleparentsok",0.497364517438403,0.089906575942015,0.412728906619582,"Child From Single-Parent Family Can Do As Well"
"337","psid","tas_singleparentsuffer",0.600556035620339,0.100414306063783,0.299029658315878,"Single Parent Hurts Kids"
"338","psid","tas_singlewomenkids",0.505201765843667,0.0718255992820179,0.422972634874315,"Single Women Should Have Kids"
"339","psid","tas_societybetter",0.521341150899818,0.108646346009756,0.370012503090426,"Freq. Of Feeling Society Gettng Better"
"340","psid","tas_societymakessense",0.529095018873363,0.0863770636471393,0.384527917479498,"Feeling Way Society Works Makes Sense"
"341","psid","tas_spritual",0.627454224569745,0.102365804968447,0.270179970461808,"Spiritual Person"
"342","psid","thinkfuture",0.495573025100614,0.131905689170807,0.372521285728578,"Think About Future"
"343","psid","trustothers",0.64504560484767,0.0980757641796647,0.256878630972665,"Trust Most Others"
"344","psid","undeserved",0.547406402810609,0.128355763205212,0.324237833984179,"Are There A Lot Of People Who Have Good Things They Don't Deserve?"
"345","shp","pc70",0.564081453693349,0.0317193018746547,0.404199244431997,"Self-Perception : Incapacity To Make Plans Because Of Unpredictability"
"346","shp","pc71",0.545404309048745,0.103544632755404,0.351051058195851,"Self-Perception : Little Influence On Life Events"
"347","shp","pc72",0.541936596097373,0.00228623594637634,0.45577716795625,"Self-Perception : Capacity To Overcome Unexpected Problems"
"348","shp","pc73",0.59470560418413,0.0180278926098322,0.387266503206038,"Self-Perception : Capacity To Choose Between Two Possibilities"
"349","shp","pc74",0.631368161567176,0.0937547843230964,0.274877054109728,"Self-Perception : Feeling Of Uselessness"
"350","shp","pc75",0.635013268374244,0.00128182774865027,0.363704903877106,"Self-Perception : Feeling Of Selfsatisfaction"
"351","shp","pl101",0.632708480273451,0.0996506464977116,0.267640873228838,"Feeling Of Security (Victimization)"
"352","shp","pn56",0.627340028957624,0.171589803619306,0.20107016742307,"Values: Lying In Own Interest"
"353","shp","pn57",0.627159951028518,0.154203561718499,0.218636487252983,"Values: Cheating On Tax Declaration"
"354","shp","pn58",0.642958796555566,0.157326407749193,0.199714795695241,"Values: Avoiding A Fare On A Public Transport"
"355","shp","pn59",0.502635387341601,0.0245937517977299,0.472770860860669,"Values: Claiming State Benefits Not Entitled To"
"356","shp","pn60",0.668024322687234,0.0835539007657893,0.248421776546977,"Values: Keeping Found Money"
"357","shp","pn61",0.496056784670427,1.84153337856041e-05,0.503924799995787,"Values: Failing To Report Damage To Parked Vehicle"
"358","shp","pp01",0.792297876892944,0.0347406439448479,0.172961479162209,"Interest In Politics"
"359","shp","pp02",0.593885467301877,0.0511306872535747,0.354983845444548,"Overall Satisfaction With Democracy"
"360","shp","pp03",0.555298853960393,0.049081093870073,0.395620052169534,"Feeling About Political Influence"
"361","shp","pp04",0.634743908009932,0.0566699082196412,0.308586183770427,"Trust In Federal Government"
"362","shp","pp07",0.672157465933907,0.0428447800022625,0.284997754063831,"Future: Active In Boycott"
"363","shp","pp08",0.700765353181365,0.046206775158897,0.253027871659738,"Future: Active In Strike"
"364","shp","pp09",0.723253662099681,0.042319156325036,0.234427181575283,"Future: Active In Demonstration"
"365","shp","pp10",0.744691074544182,0.0416252194309787,0.21368370602484,"Political Position: Left, Right"
"366","shp","pp12",0.706841478021372,0.0487857059197616,0.244372816058866,"Opinion On Swiss Army: Direction"
"367","shp","pp13",0.54755900829472,0.0567435496223441,0.395697442082936,"Opinion On Social Expenses: Direction"
"368","shp","pp14",0.64906080712272,0.115466810957323,0.235472381919956,"Opinion On Joining The Eu: Direction"
